101
0   253
20	253
40	253
60	253
83  253
105 249
110 241
114 225
114 210
114 190
114 170
114 150
113 137
118 126
131 120
150 120
170 120
185 120
201 120
216 123
223 134
223 155
223 180
223 200
223 220
223 240
223 260
223 280
223 300
223 320
223 330
223 350
223 370
222 384
214 390
196 393
170 393
155 393
140 393
128 394
120 401
119 415
119	430
119 450
119 470
119 492
123 503
130 509
146 510
160	510
180 510
200 510
220 510
240 510
260 510
280 510
300 510
320 510
340 510
360 510
380 510
400 510
420 510
432 510
445 508
458 501
460 486
460 470
460 450
460 430
460 410
460 390
460 375
460 369
458 354
451 345
437 343
420 343
400 343
388 343
375 340
368 334
366 320
366 300
366 280
366 260
366 248
367 235
374 226
395 224
415 224
430 224
450 224
470 224
490 224
510 224
530 224
550 224
570 224
590 224
600 224